router
#node	comment	yPos	xPos
0	NA	0	0
1	NA	0	0
2	NA	0	0
3	NA	0	0
4	NA	0	0
5	NA	0	0
6	NA	0	0
7	NA	0	0
8	NA	0	0
9	NA	0	0
10	NA	0	0
11	NA	0	0
12	NA	0	0
13	NA	0	0
14	NA	0	0
15	NA	0	0
16	NA	0	0
17	NA	0	0
18	NA	0	0
19	NA	0	0
20	NA	0	0
21	NA	0	0
22	NA	0	0
23	NA	0	0
24	NA	0	0
25	NA	0	0
26	NA	0	0
27	NA	0	0
28	NA	0	0
29	NA	0	0
30	NA	0	0
31	NA	0	0
32	NA	0	0
33	NA	0	0
34	NA	0	0
35	NA	0	0
36	NA	0	0
37	NA	0	0
38	NA	0	0
39	NA	0	0
40	NA	0	0
41	NA	0	0
42	NA	0	0
43	NA	0	0
44	NA	0	0
45	NA	0	0
46	NA	0	0
47	NA	0	0
48	NA	0	0
49	NA	0	0
50	NA	0	0
51	NA	0	0
52	NA	0	0
53	NA	0	0
54	NA	0	0
55	NA	0	0
56	NA	0	0
57	NA	0	0
58	NA	0	0
59	NA	0	0
60	NA	0	0
61	NA	0	0
62	NA	0	0
63	NA	0	0
64	NA	0	0
65	NA	0	0
66	NA	0	0
67	NA	0	0
68	NA	0	0
69	NA	0	0
70	NA	0	0
71	NA	0	0
72	NA	0	0
73	NA	0	0
74	NA	0	0
75	NA	0	0
76	NA	0	0
77	NA	0	0
78	NA	0	0
79	NA	0	0
80	NA	0	0
81	NA	0	0
82	NA	0	0
83	NA	0	0
84	NA	0	0
85	NA	0	0
86	NA	0	0
87	NA	0	0
88	NA	0	0
89	NA	0	0
90	NA	0	0
91	NA	0	0
92	NA	0	0
93	NA	0	0
94	NA	0	0
95	NA	0	0
96	NA	0	0
97	NA	0	0
98	NA	0	0
99	NA	0	0
100	NA	0	0
101	NA	0	0
102	NA	0	0
103	NA	0	0
104	NA	0	0
105	NA	0	0
106	NA	0	0
107	NA	0	0
108	NA	0	0
109	NA	0	0
110	NA	0	0
111	NA	0	0
112	NA	0	0
113	NA	0	0
114	NA	0	0
115	NA	0	0
116	NA	0	0
117	NA	0	0
118	NA	0	0
119	NA	0	0
120	NA	0	0
121	NA	0	0
122	NA	0	0
123	NA	0	0
124	NA	0	0
125	NA	0	0
126	NA	0	0
127	NA	0	0
128	NA	0	0
129	NA	0	0
130	NA	0	0
131	NA	0	0
132	NA	0	0
133	NA	0	0
134	NA	0	0
135	NA	0	0
136	NA	0	0
137	NA	0	0
138	NA	0	0
139	NA	0	0
140	NA	0	0
141	NA	0	0
142	NA	0	0
143	NA	0	0
144	NA	0	0
145	NA	0	0
146	NA	0	0
147	NA	0	0
148	NA	0	0
149	NA	0	0
link
#    srcNode dstNode   bandwidth     metric    deLay   queue
	0	128	100Mbps		1	10ms	100
	0	1	100Mbps		1	10ms	100
	0	2	100Mbps		1	10ms	100
	0	3	100Mbps		1	10ms	100
	0	66	100Mbps		1	10ms	100
	0	118	100Mbps		1	10ms	100
	0	134	100Mbps		1	10ms	100
	0	129	100Mbps		1	10ms	100
	0	9	100Mbps		1	10ms	100
	0	10	100Mbps		1	10ms	100
	0	13	100Mbps		1	10ms	100
	0	78	100Mbps		1	10ms	100
	0	45	100Mbps		1	10ms	100
	0	17	100Mbps		1	10ms	100
	0	50	100Mbps		1	10ms	100
	0	19	100Mbps		1	10ms	100
	0	21	100Mbps		1	10ms	100
	0	22	100Mbps		1	10ms	100
	0	132	100Mbps		1	10ms	100
	0	90	100Mbps		1	10ms	100
	0	47	100Mbps		1	10ms	100
	1	64	100Mbps		1	10ms	100
	1	5	100Mbps		1	10ms	100
	1	38	100Mbps		1	10ms	100
	1	7	100Mbps		1	10ms	100
	1	8	100Mbps		1	10ms	100
	1	137	100Mbps		1	10ms	100
	1	109	100Mbps		1	10ms	100
	1	46	100Mbps		1	10ms	100
	1	16	100Mbps		1	10ms	100
	1	63	100Mbps		1	10ms	100
	1	124	100Mbps		1	10ms	100
	1	69	100Mbps		1	10ms	100
	1	31	100Mbps		1	10ms	100
	2	123	100Mbps		1	10ms	100
	2	133	100Mbps		1	10ms	100
	2	103	100Mbps		1	10ms	100
	2	40	100Mbps		1	10ms	100
	2	44	100Mbps		1	10ms	100
	2	42	100Mbps		1	10ms	100
	2	139	100Mbps		1	10ms	100
	2	12	100Mbps		1	10ms	100
	2	110	100Mbps		1	10ms	100
	2	15	100Mbps		1	10ms	100
	2	104	100Mbps		1	10ms	100
	2	51	100Mbps		1	10ms	100
	2	84	100Mbps		1	10ms	100
	2	25	100Mbps		1	10ms	100
	2	91	100Mbps		1	10ms	100
	3	97	100Mbps		1	10ms	100
	3	67	100Mbps		1	10ms	100
	3	4	100Mbps		1	10ms	100
	3	101	100Mbps		1	10ms	100
	3	6	100Mbps		1	10ms	100
	3	141	100Mbps		1	10ms	100
	3	55	100Mbps		1	10ms	100
	3	56	100Mbps		1	10ms	100
	3	27	100Mbps		1	10ms	100
	3	61	100Mbps		1	10ms	100
	5	131	100Mbps		1	10ms	100
	5	138	100Mbps		1	10ms	100
	5	11	100Mbps		1	10ms	100
	5	79	100Mbps		1	10ms	100
	5	107	100Mbps		1	10ms	100
	5	88	100Mbps		1	10ms	100
	7	18	100Mbps		1	10ms	100
	7	95	100Mbps		1	10ms	100
	7	20	100Mbps		1	10ms	100
	7	60	100Mbps		1	10ms	100
	9	115	100Mbps		1	10ms	100
	9	77	100Mbps		1	10ms	100
	10	23	100Mbps		1	10ms	100
	11	33	100Mbps		1	10ms	100
	11	113	100Mbps		1	10ms	100
	11	71	100Mbps		1	10ms	100
	11	106	100Mbps		1	10ms	100
	11	14	100Mbps		1	10ms	100
	11	49	100Mbps		1	10ms	100
	11	114	100Mbps		1	10ms	100
	11	83	100Mbps		1	10ms	100
	11	87	100Mbps		1	10ms	100
	11	57	100Mbps		1	10ms	100
	11	26	100Mbps		1	10ms	100
	11	59	100Mbps		1	10ms	100
	11	28	100Mbps		1	10ms	100
	12	24	100Mbps		1	10ms	100
	12	74	100Mbps		1	10ms	100
	13	86	100Mbps		1	10ms	100
	14	36	100Mbps		1	10ms	100
	15	37	100Mbps		1	10ms	100
	16	29	100Mbps		1	10ms	100
	19	89	100Mbps		1	10ms	100
	20	32	100Mbps		1	10ms	100
	21	62	100Mbps		1	10ms	100
	22	82	100Mbps		1	10ms	100
	23	41	100Mbps		1	10ms	100
	24	52	100Mbps		1	10ms	100
	25	75	100Mbps		1	10ms	100
	25	43	100Mbps		1	10ms	100
	25	122	100Mbps		1	10ms	100
	25	119	100Mbps		1	10ms	100
	26	70	100Mbps		1	10ms	100
	26	54	100Mbps		1	10ms	100
	26	39	100Mbps		1	10ms	100
	27	80	100Mbps		1	10ms	100
	27	30	100Mbps		1	10ms	100
	29	94	100Mbps		1	10ms	100
	32	34	100Mbps		1	10ms	100
	32	35	100Mbps		1	10ms	100
	32	72	100Mbps		1	10ms	100
	32	142	100Mbps		1	10ms	100
	32	48	100Mbps		1	10ms	100
	32	136	100Mbps		1	10ms	100
	32	53	100Mbps		1	10ms	100
	33	140	100Mbps		1	10ms	100
	34	68	100Mbps		1	10ms	100
	35	149	100Mbps		1	10ms	100
	36	148	100Mbps		1	10ms	100
	37	96	100Mbps		1	10ms	100
	39	145	100Mbps		1	10ms	100
	39	147	100Mbps		1	10ms	100
	39	108	100Mbps		1	10ms	100
	39	125	100Mbps		1	10ms	100
	47	85	100Mbps		1	10ms	100
	48	58	100Mbps		1	10ms	100
	48	98	100Mbps		1	10ms	100
	48	111	100Mbps		1	10ms	100
	51	146	100Mbps		1	10ms	100
	52	130	100Mbps		1	10ms	100
	53	117	100Mbps		1	10ms	100
	57	65	100Mbps		1	10ms	100
	58	105	100Mbps		1	10ms	100
	58	116	100Mbps		1	10ms	100
	58	112	100Mbps		1	10ms	100
	59	73	100Mbps		1	10ms	100
	60	92	100Mbps		1	10ms	100
	60	76	100Mbps		1	10ms	100
	61	120	100Mbps		1	10ms	100
	73	99	100Mbps		1	10ms	100
	74	127	100Mbps		1	10ms	100
	78	81	100Mbps		1	10ms	100
	82	100	100Mbps		1	10ms	100
	82	102	100Mbps		1	10ms	100
	82	143	100Mbps		1	10ms	100
	83	144	100Mbps		1	10ms	100
	90	121	100Mbps		1	10ms	100
	92	93	100Mbps		1	10ms	100
	112	126	100Mbps		1	10ms	100
	129	135	100Mbps		1	10ms	100
