router
#node	comment	yPos	xPos
0	NA	0	0
1	NA	0	0
2	NA	0	0
3	NA	0	0
4	NA	0	0
5	NA	0	0
6	NA	0	0
7	NA	0	0
8	NA	0	0
9	NA	0	0
10	NA	0	0
11	NA	0	0
12	NA	0	0
13	NA	0	0
14	NA	0	0
15	NA	0	0
16	NA	0	0
17	NA	0	0
18	NA	0	0
19	NA	0	0
20	NA	0	0
21	NA	0	0
22	NA	0	0
23	NA	0	0
24	NA	0	0
25	NA	0	0
26	NA	0	0
27	NA	0	0
28	NA	0	0
29	NA	0	0
30	NA	0	0
31	NA	0	0
32	NA	0	0
33	NA	0	0
34	NA	0	0
35	NA	0	0
36	NA	0	0
37	NA	0	0
38	NA	0	0
39	NA	0	0
40	NA	0	0
41	NA	0	0
42	NA	0	0
43	NA	0	0
44	NA	0	0
45	NA	0	0
46	NA	0	0
47	NA	0	0
48	NA	0	0
49	NA	0	0
50	NA	0	0
51	NA	0	0
52	NA	0	0
53	NA	0	0
54	NA	0	0
55	NA	0	0
56	NA	0	0
57	NA	0	0
58	NA	0	0
59	NA	0	0
60	NA	0	0
61	NA	0	0
62	NA	0	0
63	NA	0	0
64	NA	0	0
65	NA	0	0
66	NA	0	0
67	NA	0	0
68	NA	0	0
69	NA	0	0
70	NA	0	0
71	NA	0	0
72	NA	0	0
73	NA	0	0
74	NA	0	0
75	NA	0	0
76	NA	0	0
77	NA	0	0
78	NA	0	0
79	NA	0	0
80	NA	0	0
81	NA	0	0
82	NA	0	0
83	NA	0	0
84	NA	0	0
85	NA	0	0
86	NA	0	0
87	NA	0	0
88	NA	0	0
89	NA	0	0
90	NA	0	0
91	NA	0	0
92	NA	0	0
93	NA	0	0
94	NA	0	0
95	NA	0	0
96	NA	0	0
97	NA	0	0
98	NA	0	0
99	NA	0	0
link
#    srcNode dstNode   bandwidth     metric    deLay   queue
	0	1	1000Mbps	1	10ms	100
	0	2	1000Mbps	1	10ms	100
	0	4	1000Mbps	1	10ms	100
	0	6	1000Mbps	1	10ms	100
	0	7	1000Mbps	1	10ms	100
	0	8	1000Mbps	1	10ms	100
	0	10	1000Mbps	1	10ms	100
	0	12	1000Mbps	1	10ms	100
	0	14	1000Mbps	1	10ms	100
	0	15	1000Mbps	1	10ms	100
	0	16	1000Mbps	1	10ms	100
	0	17	1000Mbps	1	10ms	100
	0	19	1000Mbps	1	10ms	100
	0	24	1000Mbps	1	10ms	100
	0	27	1000Mbps	1	10ms	100
	0	29	1000Mbps	1	10ms	100
	0	34	1000Mbps	1	10ms	100
	0	40	1000Mbps	1	10ms	100
	0	41	1000Mbps	1	10ms	100
	0	59	1000Mbps	1	10ms	100
	0	76	1000Mbps	1	10ms	100
	0	77	1000Mbps	1	10ms	100
	0	80	1000Mbps	1	10ms	100
	0	88	1000Mbps	1	10ms	100
	0	92	1000Mbps	1	10ms	100
	1	32	1000Mbps	1	10ms	100
	1	67	1000Mbps	1	10ms	100
	1	36	1000Mbps	1	10ms	100
	1	5	1000Mbps	1	10ms	100
	1	64	1000Mbps	1	10ms	100
	1	9	1000Mbps	1	10ms	100
	1	48	1000Mbps	1	10ms	100
	1	20	1000Mbps	1	10ms	100
	1	73	1000Mbps	1	10ms	100
	1	61	1000Mbps	1	10ms	100
	1	94	1000Mbps	1	10ms	100
	2	3	1000Mbps	1	10ms	100
	2	54	1000Mbps	1	10ms	100
	2	44	1000Mbps	1	10ms	100
	2	13	1000Mbps	1	10ms	100
	2	81	1000Mbps	1	10ms	100
	2	22	1000Mbps	1	10ms	100
	2	55	1000Mbps	1	10ms	100
	2	28	1000Mbps	1	10ms	100
	2	31	1000Mbps	1	10ms	100
	3	11	1000Mbps	1	10ms	100
	4	57	1000Mbps	1	10ms	100
	4	62	1000Mbps	1	10ms	100
	5	21	1000Mbps	1	10ms	100
	6	25	1000Mbps	1	10ms	100
	6	93	1000Mbps	1	10ms	100
	6	95	1000Mbps	1	10ms	100
	7	66	1000Mbps	1	10ms	100
	7	82	1000Mbps	1	10ms	100
	7	78	1000Mbps	1	10ms	100
	7	47	1000Mbps	1	10ms	100
	9	26	1000Mbps	1	10ms	100
	9	69	1000Mbps	1	10ms	100
	12	33	1000Mbps	1	10ms	100
	12	65	1000Mbps	1	10ms	100
	12	75	1000Mbps	1	10ms	100
	12	49	1000Mbps	1	10ms	100
	12	23	1000Mbps	1	10ms	100
	12	30	1000Mbps	1	10ms	100
	14	43	1000Mbps	1	10ms	100
	16	38	1000Mbps	1	10ms	100
	17	39	1000Mbps	1	10ms	100
	17	74	1000Mbps	1	10ms	100
	17	50	1000Mbps	1	10ms	100
	17	18	1000Mbps	1	10ms	100
	17	89	1000Mbps	1	10ms	100
	17	60	1000Mbps	1	10ms	100
	20	35	1000Mbps	1	10ms	100
	21	71	1000Mbps	1	10ms	100
	23	63	1000Mbps	1	10ms	100
	24	56	1000Mbps	1	10ms	100
	24	46	1000Mbps	1	10ms	100
	26	96	1000Mbps	1	10ms	100
	29	58	1000Mbps	1	10ms	100
	30	37	1000Mbps	1	10ms	100
	33	83	1000Mbps	1	10ms	100
	36	52	1000Mbps	1	10ms	100
	38	98	1000Mbps	1	10ms	100
	38	42	1000Mbps	1	10ms	100
	38	45	1000Mbps	1	10ms	100
	38	79	1000Mbps	1	10ms	100
	38	84	1000Mbps	1	10ms	100
	43	51	1000Mbps	1	10ms	100
	43	53	1000Mbps	1	10ms	100
	45	86	1000Mbps	1	10ms	100
	52	70	1000Mbps	1	10ms	100
	55	72	1000Mbps	1	10ms	100
	56	90	1000Mbps	1	10ms	100
	62	97	1000Mbps	1	10ms	100
	65	68	1000Mbps	1	10ms	100
	78	91	1000Mbps	1	10ms	100
	80	99	1000Mbps	1	10ms	100
	82	85	1000Mbps	1	10ms	100
	83	87	1000Mbps	1	10ms	100
