router
#node	comment	yPos	xPos
0	NA	0	0
1	NA	0	0
2	NA	0	0
3	NA	0	0
4	NA	0	0
5	NA	0	0
6	NA	0	0
7	NA	0	0
8	NA	0	0
9	NA	0	0
10	NA	0	0
11	NA	0	0
12	NA	0	0
13	NA	0	0
14	NA	0	0
15	NA	0	0
16	NA	0	0
17	NA	0	0
18	NA	0	0
19	NA	0	0
20	NA	0	0
21	NA	0	0
22	NA	0	0
23	NA	0	0
24	NA	0	0
25	NA	0	0
26	NA	0	0
27	NA	0	0
28	NA	0	0
29	NA	0	0
30	NA	0	0
31	NA	0	0
32	NA	0	0
33	NA	0	0
34	NA	0	0
35	NA	0	0
36	NA	0	0
37	NA	0	0
38	NA	0	0
39	NA	0	0
40	NA	0	0
41	NA	0	0
42	NA	0	0
43	NA	0	0
44	NA	0	0
45	NA	0	0
46	NA	0	0
47	NA	0	0
48	NA	0	0
49	NA	0	0
50	NA	0	0
51	NA	0	0
52	NA	0	0
53	NA	0	0
54	NA	0	0
55	NA	0	0
56	NA	0	0
57	NA	0	0
58	NA	0	0
59	NA	0	0
60	NA	0	0
61	NA	0	0
62	NA	0	0
63	NA	0	0
64	NA	0	0
65	NA	0	0
66	NA	0	0
67	NA	0	0
68	NA	0	0
69	NA	0	0
70	NA	0	0
71	NA	0	0
72	NA	0	0
73	NA	0	0
74	NA	0	0
75	NA	0	0
76	NA	0	0
77	NA	0	0
78	NA	0	0
79	NA	0	0
80	NA	0	0
81	NA	0	0
82	NA	0	0
83	NA	0	0
84	NA	0	0
85	NA	0	0
86	NA	0	0
87	NA	0	0
88	NA	0	0
89	NA	0	0
90	NA	0	0
91	NA	0	0
92	NA	0	0
93	NA	0	0
94	NA	0	0
95	NA	0	0
96	NA	0	0
97	NA	0	0
98	NA	0	0
99	NA	0	0
link
#    srcNode dstNode   bandwidth     metric    deLay   queue
	0	10	1000Mbps	1	10ms	2000
	0	36	1000Mbps	1	10ms	2000
	1	2	1000Mbps	1	10ms	1000
	1	60	1000Mbps	1	10ms	1000
	2	3	1000Mbps	1	10ms	1000
	2	29	1000Mbps	1	10ms	1000
	2	89	1000Mbps	1	10ms	1000
	3	4	1000Mbps	1	10ms	1000
	3	85	1000Mbps	1	10ms	1000
	3	23	1000Mbps	1	10ms	1000
	4	90	1000Mbps	1	10ms	1000
	4	5	1000Mbps	1	10ms	1000
	5	6	1000Mbps	1	10ms	1000
	6	99	1000Mbps	1	10ms	1000
	6	7	1000Mbps	1	10ms	1000
	7	65	1000Mbps	1	10ms	1000
	8	9	1000Mbps	1	10ms	1000
	8	68	1000Mbps	1	10ms	1000
	9	52	1000Mbps	1	10ms	1000
	10	75	1000Mbps	1	10ms	1000
	10	15	1000Mbps	1	10ms	1000
	11	88	1000Mbps	1	10ms	1000
	12	13	1000Mbps	1	10ms	1000
	13	69	1000Mbps	1	10ms	1000
	13	45	1000Mbps	1	10ms	1000
	14	15	1000Mbps	1	10ms	1000
	15	37	1000Mbps	1	10ms	1000
	16	41	1000Mbps	1	10ms	1000
	16	38	1000Mbps	1	10ms	1000
	17	41	1000Mbps	1	10ms	1000
	17	18	1000Mbps	1	10ms	1000
	18	26	1000Mbps	1	10ms	1000
	18	44	1000Mbps	1	10ms	1000
	19	22	1000Mbps	1	10ms	1000
	20	21	1000Mbps	1	10ms	1000
	21	22	1000Mbps	1	10ms	1000
	22	23	1000Mbps	1	10ms	1000
	24	25	1000Mbps	1	10ms	1000
	25	26	1000Mbps	1	10ms	1000
	26	96	1000Mbps	1	10ms	1000
	26	62	1000Mbps	1	10ms	1000
	27	28	1000Mbps	1	10ms	1000
	28	29	1000Mbps	1	10ms	1000
	28	30	1000Mbps	1	10ms	1000
	31	39	1000Mbps	1	10ms	1000
	32	33	1000Mbps	1	10ms	1000
	33	49	1000Mbps	1	10ms	1000
	33	82	1000Mbps	1	10ms	1000
	34	35	1000Mbps	1	10ms	1000
	35	36	1000Mbps	1	10ms	1000
	35	42	1000Mbps	1	10ms	1000
	37	38	1000Mbps	1	10ms	1000
	38	57	1000Mbps	1	10ms	1000
	39	40	1000Mbps	1	10ms	1000
	40	41	1000Mbps	1	10ms	1000
	43	92	1000Mbps	1	10ms	1000
	43	77	1000Mbps	1	10ms	1000
	44	91	1000Mbps	1	10ms	1000
	46	47	1000Mbps	1	10ms	1000
	47	84	1000Mbps	1	10ms	1000
	48	76	1000Mbps	1	10ms	1000
	50	51	1000Mbps	1	10ms	1000
	51	93	1000Mbps	1	10ms	1000
	52	53	1000Mbps	1	10ms	1000
	53	54	1000Mbps	1	10ms	1000
	54	84	1000Mbps	1	10ms	1000
	55	56	1000Mbps	1	10ms	1000
	56	57	1000Mbps	1	10ms	1000
	58	93	1000Mbps	1	10ms	1000
	59	60	1000Mbps	1	10ms	1000
	59	61	1000Mbps	1	10ms	1000
	59	94	1000Mbps	1	10ms	1000
	62	63	1000Mbps	1	10ms	1000
	63	64	1000Mbps	1	10ms	1000
	64	65	1000Mbps	1	10ms	1000
	65	66	1000Mbps	1	10ms	1000
	66	74	1000Mbps	1	10ms	1000
	67	68	1000Mbps	1	10ms	1000
	69	72	1000Mbps	1	10ms	1000
	69	70	1000Mbps	1	10ms	1000
	70	71	1000Mbps	1	10ms	1000
	71	82	1000Mbps	1	10ms	1000
	73	83	1000Mbps	1	10ms	1000
	74	81	1000Mbps	1	10ms	1000
	76	82	1000Mbps	1	10ms	1000
	78	79	1000Mbps	1	10ms	1000
	79	80	1000Mbps	1	10ms	1000
	80	86	1000Mbps	1	10ms	1000
	81	82	1000Mbps	1	10ms	1000
	82	83	1000Mbps	1	10ms	1000
	82	88	1000Mbps	1	10ms	1000
	83	84	1000Mbps	1	10ms	1000
	84	85	1000Mbps	1	10ms	1000
	86	87	1000Mbps	1	10ms	1000
	87	88	1000Mbps	1	10ms	1000
	92	93	1000Mbps	1	10ms	1000
	93	94	1000Mbps	1	10ms	1000
	95	96	1000Mbps	1	10ms	1000
	97	98	1000Mbps	1	10ms	1000
	98	99	1000Mbps	1	10ms	1000
